0
0
7455
-4686
11151
-1550
-1400
11963
5671
13045
6283
-9470
-11328
-19647
-17651
-3819
-13027
-5519
-1047
-7200
4548
-7166
3009
-6923
-6918
-4002
-6132
-4219
-4721
-4073
4405
1325
13574
12495
14729
10056
12521
5524
1884
1960
2524
-1555
5925
3515
-185
5534
-4418
2024
87
-5058
-3933
-5742
-6444
1860
-1920
818
-1278
-1222
-834
-2181
-4717
1587
-9457
3782
-3580
-2970
980
-3920
127
127
5334
-1513
9647
-6302
5658
-4517
1473
-1640
1935
2151
5534